   111 -0.106600 0.046400 -0.060400 -0.023042 0.007796 -0.999704 -0.187096 -0.982336 -0.003420 -0.982072 0.186961 0.024093 0.999187
   112 -0.106600 0.046400 -0.060400 -0.187093 -0.982337 -0.003294 0.023066 -0.007672 0.999705 -0.982072 0.186961 0.024093 -0.001459
   113 -0.106600 0.046400 -0.060400 -0.023066 0.007672 -0.999705 -0.187093 -0.982337 -0.003294 -0.982072 0.186961 0.024093 0.002545
   121 -0.102000 0.063100 -0.025600 -0.001241 0.005367 -0.999985 -0.269144 -0.963088 -0.004844 -0.963099 0.269133 0.002639 1.007622
   122 -0.102000 0.063100 -0.025600 -0.001244 0.005356 -0.999985 -0.269144 -0.963088 -0.004832 -0.963099 0.269133 0.002639 0.002304
   123 -0.102000 0.063100 -0.025600 -0.269144 -0.963088 -0.004832 0.001244 -0.005356 0.999985 -0.963099 0.269133 0.002639 -0.001877
   131 -0.108500 0.030200 -0.026600 0.001180 0.002696 -0.999995 -0.086143 -0.996279 -0.002750 -0.996282 0.086145 -0.000943 1.009875
   132 -0.108500 0.030200 -0.026600 0.001157 0.002431 -0.999996 -0.086143 -0.996280 -0.002485 -0.996282 0.086145 -0.000943 -0.001140
   133 -0.108500 0.030200 -0.026600 -0.086143 -0.996280 -0.002485 -0.001157 -0.002431 0.999996 -0.996282 0.086145 -0.000943 -0.002855
   141 -0.109900 0.013100 -0.062700 -0.033089 0.002423 -0.999449 -0.022337 -0.999749 -0.001745 -0.999203 0.022268 0.033135 0.998376
   142 -0.109900 0.013100 -0.062700 -0.022332 -0.999749 -0.001574 0.033093 -0.002252 0.999450 -0.999203 0.022268 0.033135 -0.002750
   143 -0.109900 0.013100 -0.062700 -0.033093 0.002252 -0.999450 -0.022332 -0.999749 -0.001574 -0.999203 0.022268 0.033135 -0.001948
   211 -0.107400 0.032900 0.008000 -0.056527 0.008369 -0.998366 -0.099443 -0.995040 -0.002745 -0.993437 0.099125 0.057079 1.009249
   212 -0.107400 0.032900 0.008000 -0.099013 -0.995083 -0.002636 0.056111 -0.008194 0.998391 -0.993503 0.098706 0.056647 -0.002736
   213 -0.107400 0.032900 0.008000 -0.056111 0.008194 -0.998391 -0.099013 -0.995083 -0.002636 -0.993503 0.098706 0.056647 0.000937
   221 -0.098900 0.040300 0.041300 -0.342828 0.059756 -0.937496 -0.160032 -0.987102 -0.004383 -0.925666 0.148526 0.347969 1.005473
   222 -0.098900 0.040300 0.041300 -0.342830 0.059740 -0.937496 -0.160027 -0.987103 -0.004368 -0.925666 0.148526 0.347969 -0.001041
   223 -0.098900 0.040300 0.041300 -0.160027 -0.987103 -0.004368 0.342830 -0.059740 0.937496 -0.925666 0.148526 0.347969 -0.002798
   231 -0.101100 0.004400 0.040800 -0.345517 0.009209 -0.938367 0.044183 -0.998684 -0.026062 -0.937372 -0.050465 0.344655 1.004833
   232 -0.101100 0.004400 0.040800 -0.345509 0.009032 -0.938372 0.044244 -0.998685 -0.025895 -0.937372 -0.050465 0.344655 -0.000622
   233 -0.101100 0.004400 0.040800 0.044244 -0.998685 -0.025895 0.345509 -0.009032 0.938372 -0.937372 -0.050465 0.344655 -0.002225
   241 -0.108300 -0.001100 0.007100 -0.074739 -0.010896 -0.997144 0.083479 -0.996499 0.004671 -0.993703 -0.082891 0.075387 0.999356
   242 -0.108300 -0.001100 0.007100 0.083489 -0.996497 0.004809 0.074727 0.011034 0.997143 -0.993703 -0.082891 0.075387 -0.004083
   243 -0.108300 -0.001100 0.007100 -0.074727 -0.011034 -0.997143 0.083489 -0.996497 0.004809 -0.993703 -0.082891 0.075387 0.000853
   311 -0.086100 0.098800 0.009000 -0.041804 0.121894 -0.991662 -0.482666 -0.871494 -0.086789 -0.874807 0.475013 0.095266 1.001931
   312 -0.086100 0.098800 0.009000 -0.483494 -0.871052 -0.086610 0.041964 -0.121881 0.991657 -0.874342 0.475826 0.095482 -0.003367
   313 -0.086100 0.098800 0.009000 -0.041964 0.121881 -0.991657 -0.483494 -0.871052 -0.086610 -0.874342 0.475826 0.095482 0.001912
   321 -0.088700 0.075700 0.041200 -0.350753 0.118612 -0.928926 -0.369850 -0.928853 0.021050 -0.860339 0.350946 0.369667 1.005443
   322 -0.088700 0.075700 0.041200 -0.350773 0.118563 -0.928925 -0.369831 -0.928859 0.021099 -0.860339 0.350946 0.369667 0.001354
   323 -0.088700 0.075700 0.041200 -0.369831 -0.928859 0.021099 0.350773 -0.118563 0.928925 -0.860339 0.350946 0.369667 -0.001530
   331 -0.070200 0.075800 0.070700 -0.586061 0.225158 -0.778355 -0.386949 -0.921772 0.024655 -0.711914 0.315633 0.627339 1.003837
   332 -0.070200 0.075800 0.070700 -0.386970 -0.921763 0.024626 0.586047 -0.225192 0.778356 -0.711914 0.315633 0.627339 -0.002639
   333 -0.070200 0.075800 0.070700 -0.586047 0.225192 -0.778356 -0.386970 -0.921763 0.024626 -0.711914 0.315633 0.627339 0.000326
   341 -0.100300 0.065900 0.008100 -0.075827 0.027844 -0.996732 -0.287378 -0.957805 -0.004902 -0.954811 0.286068 0.080629 1.001165
   342 -0.100300 0.065900 0.008100 -0.287369 -0.957808 -0.004774 0.075864 -0.027721 0.996733 -0.954811 0.286068 0.080629 -0.006063
   343 -0.100300 0.065900 0.008100 -0.075864 0.027721 -0.996733 -0.287369 -0.957808 -0.004774 -0.954811 0.286068 0.080629 0.002265
   411 -0.080800 0.041300 0.072000 -0.637192 0.048169 -0.769198 -0.133391 -0.989877 0.048490 -0.759075 0.133501 0.637167 1.008324
   412 -0.080800 0.041300 0.072000 -0.133361 -0.989879 0.048525 0.637198 -0.048124 0.769196 -0.759076 0.133501 0.637167 -0.000970
   413 -0.080800 0.041300 0.072000 -0.637198 0.048124 -0.769196 -0.133361 -0.989879 0.048525 -0.759076 0.133501 0.637167 0.006280
   421 -0.052600 0.040600 0.095200 -0.874536 -0.019845 -0.484554 -0.056742 -0.988117 0.142845 -0.481631 0.152418 0.863018 0.997083
   422 -0.052600 0.040600 0.095200 -0.874536 -0.019834 -0.484556 -0.056751 -0.988117 0.142840 -0.481631 0.152418 0.863018 0.003990
   423 -0.052600 0.040600 0.095200 -0.056751 -0.988117 0.142840 0.874536 0.019834 0.484556 -0.481631 0.152418 0.863018 -0.002976
   431 -0.053700 0.005900 0.096900 -0.871201 -0.017908 -0.490600 0.028607 -0.999486 -0.014481 -0.490090 -0.026650 0.871265 0.996691
   432 -0.053700 0.005900 0.096900 -0.871202 -0.017848 -0.490600 0.028554 -0.999487 -0.014510 -0.490090 -0.026650 0.871265 0.011666
   433 -0.053700 0.005900 0.096900 0.028554 -0.999487 -0.014510 0.871202 0.017848 0.490600 -0.490090 -0.026650 0.871265 0.000522
   441 -0.082900 0.006200 0.072800 -0.642246 0.002580 -0.766495 0.046616 -0.998014 -0.042381 -0.765081 -0.062950 0.640849 1.002795
   442 -0.082900 0.006200 0.072800 0.046665 -0.998014 -0.042322 0.642242 -0.002504 0.766498 -0.765081 -0.062950 0.640849 -0.000997
   443 -0.082900 0.006200 0.072800 -0.642242 0.002504 -0.766498 0.046665 -0.998014 -0.042322 -0.765081 -0.062950 0.640849 0.004156
   511 -0.063700 0.125400 0.013600 0.011544 0.226716 -0.973892 -0.790737 -0.594072 -0.147689 -0.612046 0.771799 0.172415 0.994714
   512 -0.063700 0.125400 0.013600 -0.790738 -0.594073 -0.147684 -0.011540 -0.226713 0.973893 -0.612046 0.771799 0.172415 -0.004612
   513 -0.063700 0.125400 0.013600 0.011540 0.226713 -0.973893 -0.790738 -0.594073 -0.147684 -0.612046 0.771799 0.172415 -0.001513
   521 -0.033200 0.139700 0.017400 0.006019 0.233531 -0.972331 -0.958941 -0.274361 -0.071817 -0.283542 0.932840 0.222291 0.997192
   522 -0.033200 0.139700 0.017400 -0.958941 -0.274355 -0.071843 -0.006045 -0.233539 0.972329 -0.283542 0.932840 0.222291 -0.004924
   523 -0.033200 0.139700 0.017400 0.006045 0.233539 -0.972329 -0.958941 -0.274355 -0.071843 -0.283542 0.932840 0.222291 -0.001912
   531 -0.033700 0.127400 0.048500 -0.052928 0.471887 -0.880069 -0.961192 -0.263014 -0.083268 -0.270764 0.841508 0.467495 1.003960
   532 -0.033700 0.127400 0.048500 -0.052878 0.471901 -0.880065 -0.961195 -0.262990 -0.083313 -0.270764 0.841508 0.467495 0.002769
   533 -0.033700 0.127400 0.048500 -0.961195 -0.262990 -0.083313 0.052878 -0.471901 0.880065 -0.270764 0.841508 0.467495 -0.004061
   541 -0.067200 0.108900 0.044300 -0.175306 0.381595 -0.907554 -0.709054 -0.688475 -0.152465 -0.683008 0.616776 0.391264 1.004818
   542 -0.067200 0.108900 0.044300 -0.175345 0.381557 -0.907562 -0.709044 -0.688496 -0.152415 -0.683008 0.616776 0.391264 -0.003021
   543 -0.067200 0.108900 0.044300 -0.709044 -0.688496 -0.152415 0.175345 -0.381557 0.907562 -0.683008 0.616776 0.391264 -0.000379
   611 -0.035800 0.104800 0.075000 -0.007839 0.767417 -0.641100 -0.954949 -0.195931 -0.222900 -0.296669 0.610470 0.734380 1.008002
   612 -0.035800 0.104800 0.075000 -0.954948 -0.195936 -0.222896 0.007845 -0.767416 0.641102 -0.296669 0.610470 0.734380 -0.000070
   613 -0.035800 0.104800 0.075000 -0.007845 0.767416 -0.641102 -0.954948 -0.195936 -0.222896 -0.296669 0.610470 0.734380 -0.000727
   621 0.000100 0.077500 0.096700 0.000125 0.914326 -0.404979 -0.999998 0.000930 0.001574 0.001815 0.404978 0.914325 0.999857
   622 0.000100 0.077500 0.096700 0.000192 0.914231 -0.405194 -0.999999 0.000907 0.001357 0.001608 0.405193 0.914230 -0.003908
   623 0.000100 0.077500 0.096700 -0.999999 0.000907 0.001357 -0.000192 -0.914231 0.405194 0.001608 0.405193 0.914230 -0.005688
   631 -0.018400 0.044000 0.106300 0.006965 0.983279 -0.181973 -0.990980 -0.017474 -0.132864 -0.133821 0.181257 0.974288 0.998393
   632 -0.018400 0.044000 0.106300 -0.990980 -0.017447 -0.132869 -0.006992 -0.983279 0.181969 -0.133821 0.181257 0.974288 -0.003600
   633 -0.018400 0.044000 0.106300 0.006992 0.983279 -0.181969 -0.990980 -0.017447 -0.132869 -0.133821 0.181257 0.974288 -0.003062
   641 -0.036800 0.075300 0.092200 -0.024468 0.895528 -0.444331 -0.950726 -0.158227 -0.266615 -0.309066 0.415914 0.855274 1.001326
   642 -0.036800 0.075300 0.092200 -0.024404 0.895539 -0.444313 -0.950728 -0.158166 -0.266645 -0.309066 0.415914 0.855274 -0.005120
   643 -0.036800 0.075300 0.092200 -0.950728 -0.158166 -0.266645 0.024404 -0.895539 0.444313 -0.309066 0.415914 0.855274 -0.008323
   711 -0.018500 0.010500 0.109600 -0.989726 -0.012040 -0.142467 0.013883 -0.999829 -0.012204 -0.142295 -0.014057 0.989724 0.993010
   712 -0.018500 0.010500 0.109600 0.013817 -0.999830 -0.012214 0.989727 0.011973 0.142466 -0.142295 -0.014057 0.989724 -0.001750
   713 -0.018500 0.010500 0.109600 -0.989727 -0.011973 -0.142466 0.013817 -0.999830 -0.012214 -0.142295 -0.014057 0.989724 -0.001298
   721 0.018600 0.010500 0.109600 0.987654 -0.007342 -0.156482 0.001897 0.999391 -0.034846 0.156643 0.034119 0.987066 0.981623
   722 0.018600 0.010500 0.109600 0.002020 0.999390 -0.034865 -0.987653 0.007467 0.156478 0.156643 0.034119 0.987066 -0.004430
   723 0.018600 0.010500 0.109600 0.987653 -0.007467 -0.156478 0.002020 0.999390 -0.034865 0.156643 0.034119 0.987066 -0.008688
   731 0.018600 -0.023300 0.105900 -0.035677 -0.971441 -0.234582 0.985899 0.004172 -0.167286 0.163488 -0.237243 0.957595 0.971406
   732 0.018600 -0.023300 0.105900 0.985894 0.004009 -0.167325 0.035843 0.971442 0.234554 0.163488 -0.237243 0.957595 -0.008393
   733 0.018600 -0.023300 0.105900 -0.035843 -0.971442 -0.234554 0.985894 0.004009 -0.167325 0.163488 -0.237243 0.957595 -0.001449
   741 -0.018500 -0.023700 0.105800 0.038735 -0.971714 -0.232960 0.993814 0.013099 0.110280 -0.104109 -0.235791 0.966211 0.981819
   742 -0.018500 -0.023700 0.105800 0.993823 0.012880 0.110227 -0.038511 0.971718 0.232985 -0.104109 -0.235791 0.966211 -0.011647
   743 -0.018500 -0.023700 0.105800 0.038511 -0.971718 -0.232985 0.993823 0.012880 0.110227 -0.104109 -0.235791 0.966211 -0.003251
   811 0.000100 0.144500 0.018700 -0.000590 0.262747 -0.964865 -0.999977 -0.006662 -0.001166 -0.006734 0.964842 0.262745 0.996682
   812 0.000100 0.144500 0.018700 -0.999977 -0.006615 -0.001340 0.000409 -0.262748 0.964864 -0.006734 0.964842 0.262745 -0.006894
   813 0.000100 0.144500 0.018700 -0.000409 0.262748 -0.964864 -0.999977 -0.006615 -0.001340 -0.006734 0.964842 0.262745 -0.002063
   821 0.000100 0.131600 0.050000 0.000551 0.494665 -0.869084 -1.000000 -0.000011 -0.000551 -0.000282 0.869084 0.494665 0.999029
   822 0.000100 0.131600 0.050000 0.000699 0.494665 -0.869083 -1.000000 0.000062 -0.000680 -0.000282 0.869084 0.494665 0.003815
   823 0.000100 0.131600 0.050000 -1.000000 0.000062 -0.000680 -0.000699 -0.494665 0.869083 -0.000282 0.869084 0.494665 -0.002731
   911 0.033100 0.139700 0.017300 -0.000872 0.252701 -0.967544 -0.964707 0.254560 0.067371 0.263323 0.933456 0.243560 0.993284
   912 0.033100 0.139700 0.017300 -0.964708 0.254592 0.067248 0.000749 -0.252668 0.967553 0.263323 0.933456 0.243560 -0.002012
   913 0.033100 0.139700 0.017300 -0.000749 0.252668 -0.967553 -0.964708 0.254592 0.067248 0.263323 0.933456 0.243560 -0.000777
   921 0.063800 0.125300 0.013500 -0.011367 0.231337 -0.972807 -0.786802 0.598312 0.151541 0.617099 0.767130 0.175215 0.997998
   922 0.063800 0.125300 0.013500 -0.786803 0.598318 0.151516 0.011347 -0.231322 0.972811 0.617099 0.767130 0.175215 -0.002587
   923 0.063800 0.125300 0.013500 -0.011347 0.231322 -0.972811 -0.786803 0.598318 0.151516 0.617099 0.767130 0.175215 -0.000471
   931 0.067100 0.108800 0.044400 0.176693 0.378629 -0.908526 -0.710986 0.687416 0.148182 0.680642 0.619766 0.390661 0.999752
   932 0.067100 0.108800 0.044400 0.176720 0.378603 -0.908532 -0.710979 0.687430 0.148147 0.680642 0.619766 0.390661 0.004432
   933 0.067100 0.108800 0.044400 -0.710979 0.687430 0.148147 -0.176720 -0.378603 0.908532 0.680642 0.619766 0.390661 0.003336
   941 0.033800 0.127300 0.048600 0.055505 0.468761 -0.881580 -0.961837 0.262026 0.078816 0.267943 0.843561 0.465415 0.999188
   942 0.033800 0.127300 0.048600 0.055552 0.468748 -0.881583 -0.961834 0.262049 0.078773 0.267943 0.843561 0.465415 0.000855
   943 0.033800 0.127300 0.048600 -0.961834 0.262049 0.078773 -0.055552 -0.468748 0.881583 0.267943 0.843561 0.465415 0.008249
  1011 0.000100 0.109300 0.077100 0.001051 0.754113 -0.656744 -0.999792 -0.012619 -0.016005 -0.020358 0.656625 0.753942 1.012736
  1012 0.000100 0.109300 0.077100 -0.999792 -0.012605 -0.016017 -0.001069 -0.754113 0.656744 -0.020358 0.656625 0.753942 -0.002855
  1013 0.000100 0.109300 0.077100 0.001069 0.754113 -0.656744 -0.999792 -0.012605 -0.016017 -0.020358 0.656625 0.753942 -0.000677
  1021 0.035800 0.104800 0.075000 0.004056 0.762085 -0.647465 -0.963805 0.175601 0.200609 0.266576 0.623216 0.735214 1.001628
  1022 0.035800 0.104800 0.075000 -0.963805 0.175674 0.200546 -0.004149 -0.762068 0.647484 0.266576 0.623216 0.735214 -0.001276
  1023 0.035800 0.104800 0.075000 0.004149 0.762068 -0.647484 -0.963805 0.175674 0.200546 0.266576 0.623216 0.735214 -0.000904
  1031 0.036800 0.075200 0.092300 0.028231 0.895073 -0.445025 -0.950584 0.161728 0.265018 0.309183 0.415551 0.855408 1.009456
  1032 0.036800 0.075200 0.092300 0.028455 0.895035 -0.445087 -0.950577 0.161939 0.264914 0.309183 0.415551 0.855408 -0.004349
  1033 0.036800 0.075200 0.092300 -0.950577 0.161939 0.264914 -0.028455 -0.895035 0.445087 0.309183 0.415551 0.855408 0.002023
  1041 0.018400 0.044200 0.106200 -0.014654 0.978259 -0.206871 -0.992043 0.011651 0.125358 0.125043 0.207062 0.970304 0.992427
  1042 0.018400 0.044200 0.106200 -0.991954 0.011923 0.126040 0.014550 -0.978226 0.207031 0.125764 0.207198 0.970181 -0.005352
  1043 0.018400 0.044200 0.106200 -0.014550 0.978226 -0.207031 -0.991954 0.011923 0.126040 0.125764 0.207198 0.970181 -0.003560
  1111 0.052500 0.040600 0.095300 0.874561 -0.017825 -0.484588 -0.057303 0.988519 -0.139808 0.481516 0.150039 0.863499 1.000775
  1112 0.052500 0.040600 0.095300 0.874569 -0.017975 -0.484567 -0.057170 0.988516 -0.139882 0.481516 0.150039 0.863499 0.019959
  1113 0.052500 0.040600 0.095300 -0.057170 0.988516 -0.139882 -0.874569 0.017975 0.484567 0.481516 0.150039 0.863499 -0.002213
  1121 0.080900 0.041300 0.072100 0.633112 0.049790 -0.772457 -0.170258 0.982446 -0.076231 0.755102 0.179781 0.630476 1.005357
  1122 0.080900 0.041300 0.072100 -0.170084 0.982460 -0.076443 -0.633159 -0.049520 0.772436 0.755102 0.179781 0.630476 -0.006051
  1123 0.080900 0.041300 0.072100 0.633159 0.049520 -0.772436 -0.170084 0.982460 -0.076443 0.755102 0.179781 0.630476 0.014808
  1131 0.082800 0.006100 0.072800 0.640320 0.000851 -0.768108 0.010034 0.999904 0.009510 0.768042 -0.013797 0.640250 1.003736
  1132 0.082800 0.006100 0.072800 0.010135 0.999905 0.009390 -0.640319 -0.000694 0.768109 0.768042 -0.013797 0.640250 -0.008552
  1133 0.082800 0.006100 0.072800 0.640319 0.000694 -0.768109 0.010135 0.999905 0.009390 0.768042 -0.013797 0.640250 0.002092
  1141 0.053500 0.006200 0.097000 0.866658 -0.017975 -0.498580 0.028930 0.999480 0.014259 0.498064 -0.026782 0.866727 0.995509
  1142 0.053500 0.006200 0.097000 0.866655 -0.018052 -0.498581 0.028996 0.999478 0.014221 0.498064 -0.026782 0.866727 0.026750
  1143 0.053500 0.006200 0.097000 0.028996 0.999478 0.014221 -0.866655 0.018052 0.498581 0.498064 -0.026782 0.866727 -0.000789
  1211 0.086200 0.098600 0.008900 0.051685 0.123306 -0.991022 -0.500301 0.862041 0.081153 0.864307 0.491615 0.106245 1.005586
  1212 0.086200 0.098600 0.008900 -0.500293 0.862059 0.081002 -0.051762 -0.123174 0.991034 0.864307 0.491615 0.106245 -0.003138
  1213 0.086200 0.098600 0.008900 0.051762 0.123174 -0.991034 -0.500293 0.862059 0.081002 0.864307 0.491615 0.106245 0.008196
  1221 0.100300 0.066000 0.008200 0.075308 0.030312 -0.996700 -0.314636 0.949198 0.005156 0.946222 0.313209 0.081019 0.999081
  1222 0.100300 0.066000 0.008200 -0.314629 0.949201 0.005071 -0.075335 -0.030231 0.996700 0.946222 0.313209 0.081019 -0.002086
  1223 0.100300 0.066000 0.008200 0.075335 0.030231 -0.996700 -0.314629 0.949201 0.005071 0.946222 0.313209 0.081019 -0.001234
  1231 0.088700 0.075700 0.041200 0.347699 0.117409 -0.930226 -0.370859 0.928441 -0.021465 0.861140 0.352446 0.366359 1.008399
  1232 0.088700 0.075700 0.041200 0.347729 0.117333 -0.930225 -0.370831 0.928451 -0.021542 0.861140 0.352446 0.366359 -0.001521
  1233 0.088700 0.075700 0.041200 -0.370831 0.928451 -0.021542 -0.347729 -0.117333 0.930225 0.861140 0.352446 0.366359 0.000942
  1241 0.069900 0.075800 0.070900 0.609672 0.236695 -0.756488 -0.428165 0.901508 -0.062925 0.667086 0.362265 0.650969 1.000053
  1242 0.069900 0.075800 0.070900 -0.428121 0.901524 -0.062979 -0.609703 -0.236631 0.756484 0.667086 0.362265 0.650969 -0.006629
  1243 0.069900 0.075800 0.070900 0.609703 0.236631 -0.756484 -0.428121 0.901524 -0.062979 0.667086 0.362265 0.650969 -0.002957
  1311 0.098900 0.040400 0.041300 0.340346 0.060334 -0.938363 -0.163769 0.986491 0.003965 0.925926 0.152325 0.345629 1.004184
  1312 0.098900 0.040400 0.041300 0.340373 0.060170 -0.938363 -0.163712 0.986501 0.003809 0.925925 0.152325 0.345629 -0.015489
  1313 0.098900 0.040400 0.041300 -0.163712 0.986501 0.003809 -0.340373 -0.060170 0.938363 0.925925 0.152325 0.345629 0.000119
  1321 0.107400 0.032900 0.008100 0.067872 0.012358 -0.997618 -0.133585 0.991032 0.003191 0.988711 0.133050 0.068915 0.997636
  1322 0.107400 0.032900 0.008100 -0.133568 0.991035 0.002934 -0.067907 -0.012104 0.997618 0.988711 0.133050 0.068915 -0.002087
  1323 0.107400 0.032900 0.008100 0.067907 0.012104 -0.997618 -0.133568 0.991035 0.002934 0.988711 0.133050 0.068915 0.001027
  1331 0.108300 -0.001100 0.006800 0.050877 -0.002056 -0.998703 0.053717 0.998556 0.000716 0.997260 -0.053684 0.050914 1.008540
  1332 0.108300 -0.001100 0.006800 0.053729 0.998555 0.000475 -0.050864 0.002298 0.998703 0.997259 -0.053684 0.050914 -0.004521
  1333 0.108300 -0.001100 0.006800 0.050864 -0.002298 -0.998703 0.053729 0.998555 0.000475 0.997259 -0.053684 0.050914 -0.001254
  1341 0.101000 0.004400 0.041000 0.345726 0.008651 -0.938296 0.038011 0.999008 0.023175 0.937566 -0.043678 0.345054 1.006662
  1342 0.101000 0.004400 0.041000 0.345706 0.008140 -0.938308 0.038188 0.999013 0.022695 0.937566 -0.043678 0.345054 -0.002284
  1343 0.101000 0.004400 0.041000 0.038188 0.999013 0.022695 -0.345706 -0.008140 0.938308 0.937566 -0.043678 0.345054 -0.001100
  1411 0.102000 0.063000 -0.026000 0.004695 0.009145 -0.999947 -0.267458 0.963540 0.007577 0.963558 0.267408 0.006969 1.004402
  1412 0.102000 0.063000 -0.026000 0.004753 0.008935 -0.999949 -0.267457 0.963542 0.007359 0.963558 0.267408 0.006969 -0.007795
  1413 0.102000 0.063000 -0.026000 -0.267457 0.963542 0.007359 -0.004753 -0.008935 0.999949 0.963558 0.267408 0.006969 0.000938
  1421 0.106500 0.046900 -0.060000 0.026274 0.011192 -0.999593 -0.177703 0.984064 0.006338 0.983733 0.177464 0.027844 0.996836
  1422 0.106500 0.046900 -0.060000 -0.177695 0.984067 0.006042 -0.026327 -0.010900 0.999594 0.983733 0.177464 0.027844 -0.002524
  1423 0.106500 0.046900 -0.060000 0.026327 0.010900 -0.999594 -0.177695 0.984067 0.006042 0.983733 0.177464 0.027844 0.002254
  1431 0.109800 0.013100 -0.062200 0.023820 0.004713 -0.999705 -0.009580 0.999944 0.004444 0.999670 0.009471 0.023864 1.001971
  1432 0.109800 0.013100 -0.062200 -0.009713 0.999944 0.004255 -0.022972 -0.004518 0.999726 0.999689 0.009613 0.023015 -0.006364
  1433 0.109800 0.013100 -0.062200 0.022972 0.004518 -0.999726 -0.009713 0.999944 0.004255 0.999689 0.009613 0.023015 -0.001935
  1441 0.108300 0.030100 -0.026200 -0.000288 0.005349 -0.999986 -0.100906 0.994881 0.005420 0.994896 0.100906 0.000254 0.997366
  1442 0.108300 0.030100 -0.026200 -0.000258 0.005053 -0.999987 -0.100906 0.994883 0.005124 0.994896 0.100906 0.000254 -0.007003
  1443 0.108300 0.030100 -0.026200 -0.100906 0.994883 0.005124 0.000258 -0.005053 0.999987 0.994896 0.100906 0.000254 0.001001
  1511 -0.108800 -0.003200 -0.028400 0.015435 0.000607 -0.999881 0.090109 -0.995932 0.000730 -0.995813 -0.090109 -0.015427 1.007369
  1512 -0.108800 -0.003200 -0.028400 0.015457 0.000360 -0.999880 0.090105 -0.995932 0.000977 -0.995812 -0.090109 -0.015427 0.000995
  1513 -0.108800 -0.003200 -0.028400 0.090105 -0.995932 0.000977 -0.015457 -0.000360 0.999880 -0.995812 -0.090109 -0.015427 -0.002045
  1521 -0.101700 -0.036000 -0.028100 0.022051 0.000921 -0.999757 0.353753 -0.935313 0.006983 -0.935079 -0.353820 -0.020951 1.000113
  1522 -0.101700 -0.036000 -0.028100 0.022175 0.000593 -0.999754 0.353745 -0.935313 0.007333 -0.935079 -0.353820 -0.020951 0.001858
  1523 -0.101700 -0.036000 -0.028100 0.353745 -0.935313 0.007333 -0.022175 -0.000593 0.999754 -0.935079 -0.353820 -0.020951 -0.002093
  1531 -0.095100 -0.052400 -0.062300 -0.024197 -0.004172 -0.999699 0.459026 -0.888392 -0.007375 -0.888094 -0.459066 0.023411 1.004470
  1532 -0.095100 -0.052400 -0.062300 0.459031 -0.888391 -0.007168 0.024102 0.004355 0.999700 -0.888094 -0.459066 0.023411 -0.001986
  1533 -0.095100 -0.052400 -0.062300 -0.024102 -0.004355 -0.999700 0.459031 -0.888391 -0.007168 -0.888094 -0.459066 0.023411 -0.002159
  1541 -0.106800 -0.020500 -0.062500 -0.029877 -0.001150 -0.999553 0.200260 -0.979731 -0.004871 -0.979287 -0.200317 0.029502 1.001103
  1542 -0.106800 -0.020500 -0.062500 0.200272 -0.979730 -0.004467 0.029796 0.001546 0.999555 -0.979287 -0.200317 0.029502 -0.002600
  1543 -0.106800 -0.020500 -0.062500 -0.029796 -0.001546 -0.999555 0.200272 -0.979730 -0.004467 -0.979287 -0.200317 0.029502 -0.000819
  1611 -0.101700 -0.033900 0.005600 -0.071446 -0.032456 -0.996916 0.335771 -0.941921 0.006654 -0.939232 -0.334260 0.078194 1.005930
  1612 -0.101700 -0.033900 0.005600 0.335786 -0.941913 0.006876 0.071371 0.032666 0.996915 -0.939232 -0.334260 0.078194 -0.001873
  1613 -0.101700 -0.033900 0.005600 -0.071371 -0.032666 -0.996915 0.335786 -0.941913 0.006876 -0.939232 -0.334260 0.078194 -0.000974
  1621 -0.095200 -0.030800 0.039100 -0.321885 -0.057175 -0.945051 0.312916 -0.948510 -0.049107 -0.893583 -0.311528 0.323202 1.001883
  1622 -0.095200 -0.030800 0.039100 -0.321872 -0.057216 -0.945053 0.312931 -0.948508 -0.049065 -0.893583 -0.311528 0.323202 -0.003900
  1623 -0.095200 -0.030800 0.039100 0.312931 -0.948508 -0.049065 0.321872 0.057216 0.945053 -0.893583 -0.311528 0.323202 -0.002010
  1631 -0.078100 -0.062800 0.039400 -0.260616 -0.200470 -0.944400 0.599864 -0.800090 0.004269 -0.756461 -0.565399 0.328772 1.003624
  1632 -0.078100 -0.062800 0.039400 -0.260593 -0.200501 -0.944400 0.599874 -0.800083 0.004305 -0.756461 -0.565399 0.328772 -0.001050
  1633 -0.078100 -0.062800 0.039400 0.599874 -0.800083 0.004305 0.260593 0.200501 0.944400 -0.756461 -0.565399 0.328772 -0.001762
  1641 -0.086600 -0.064000 0.005500 -0.059179 -0.047315 -0.997125 0.568567 -0.822620 0.005237 -0.820504 -0.566621 0.075584 0.998633
  1642 -0.086600 -0.064000 0.005500 0.568568 -0.822620 0.005263 0.059164 0.047337 0.997125 -0.820504 -0.566622 0.075584 -0.003045
  1643 -0.086600 -0.064000 0.005500 -0.059164 -0.047337 -0.997125 0.568568 -0.822620 0.005263 -0.820504 -0.566622 0.075584 0.000703
  1711 -0.075800 -0.079700 -0.062100 -0.003197 -0.018090 -0.999831 0.672430 -0.740076 0.011197 -0.740154 -0.672280 0.014530 1.006708
  1712 -0.075800 -0.079700 -0.062100 0.672430 -0.740074 0.011297 0.003129 0.018165 0.999830 -0.740154 -0.672281 0.014530 0.000547
  1713 -0.075800 -0.079700 -0.062100 -0.003129 -0.018165 -0.999830 0.672430 -0.740074 0.011297 -0.740154 -0.672281 0.014530 -0.003682
  1721 -0.086100 -0.066000 -0.028200 0.020400 0.007787 -0.999762 0.576622 -0.816993 0.005398 -0.816756 -0.576595 -0.021157 0.997198
  1722 -0.086100 -0.066000 -0.028200 0.020433 0.007741 -0.999761 0.576621 -0.816994 0.005455 -0.816756 -0.576595 -0.021157 -0.002500
  1723 -0.086100 -0.066000 -0.028200 0.576621 -0.816994 0.005455 -0.020433 -0.007741 0.999761 -0.816756 -0.576595 -0.021157 -0.003209
  1731 -0.063200 -0.090500 -0.027800 0.019630 0.028608 -0.999398 0.811460 -0.584408 -0.000738 -0.584077 -0.810956 -0.034686 1.001021
  1732 -0.063200 -0.090500 -0.027800 0.019679 0.028572 -0.999398 0.811458 -0.584410 -0.000678 -0.584078 -0.810956 -0.034686 0.001325
  1733 -0.063200 -0.090500 -0.027800 0.811458 -0.584410 -0.000678 -0.019679 -0.028572 0.999398 -0.584078 -0.810956 -0.034686 -0.001600
  1741 -0.048900 -0.099400 -0.062100 -0.013795 -0.019106 -0.999722 0.893801 -0.448448 -0.003755 -0.448252 -0.893604 0.023264 1.000495
  1742 -0.048900 -0.099400 -0.062100 0.893803 -0.448446 -0.003617 0.013672 0.019168 0.999723 -0.448252 -0.893605 0.023264 0.002276
  1743 -0.048900 -0.099400 -0.062100 -0.013672 -0.019168 -0.999723 0.893803 -0.448446 -0.003617 -0.448252 -0.893605 0.023264 -0.004088
  1811 -0.078600 -0.028700 0.069600 -0.615771 -0.040157 -0.786901 0.256122 -0.954664 -0.151716 -0.745133 -0.294965 0.598140 1.010292
  1812 -0.078600 -0.028700 0.069600 0.256162 -0.954661 -0.151665 0.615755 0.040219 0.786911 -0.745133 -0.294965 0.598140 -0.001910
  1813 -0.078600 -0.028700 0.069600 -0.615755 -0.040219 -0.786911 0.256162 -0.954661 -0.151665 -0.745133 -0.294965 0.598140 0.003705
  1821 -0.051800 -0.027700 0.092700 -0.861617 0.023904 -0.506996 0.110793 -0.965900 -0.234013 -0.495301 -0.257801 0.829588 0.999009
  1822 -0.051800 -0.027700 0.092700 -0.861627 0.023990 -0.506975 0.110715 -0.965898 -0.234058 -0.495301 -0.257801 0.829588 0.000497
  1823 -0.051800 -0.027700 0.092700 0.110715 -0.965898 -0.234058 0.861627 -0.023990 0.506975 -0.495301 -0.257801 0.829588 -0.001779
  1831 -0.018100 -0.054200 0.092300 0.070379 -0.842508 -0.534066 0.989527 -0.008645 0.144089 -0.126013 -0.538613 0.833076 0.998076
  1832 -0.018100 -0.054200 0.092300 0.070328 -0.842508 -0.534073 0.989531 -0.008688 0.144061 -0.126013 -0.538613 0.833076 -0.000338
  1833 -0.018100 -0.054200 0.092300 0.989531 -0.008688 0.144061 -0.070328 0.842508 0.534073 -0.126013 -0.538613 0.833076 -0.002659
  1841 -0.055200 -0.062700 0.070700 -0.385707 -0.501999 -0.774097 0.784802 -0.619653 0.010813 -0.485101 -0.603342 0.632974 1.002470
  1842 -0.055200 -0.062700 0.070700 0.784814 -0.619637 0.010838 0.385682 0.502019 0.774097 -0.485101 -0.603342 0.632974 0.002374
  1843 -0.055200 -0.062700 0.070700 -0.385682 -0.502019 -0.774097 0.784814 -0.619637 0.010838 -0.485101 -0.603342 0.632974 0.001269
  1911 -0.051300 -0.086100 0.039700 -0.153113 -0.298477 -0.942055 0.880238 -0.474477 0.007301 -0.449163 -0.828114 0.335379 1.004343
  1912 -0.051300 -0.086100 0.039700 -0.153043 -0.298515 -0.942055 0.880250 -0.474453 0.007377 -0.449163 -0.828114 0.335380 0.002364
  1913 -0.051300 -0.086100 0.039700 0.880250 -0.474453 0.007377 0.153043 0.298515 0.942055 -0.449163 -0.828114 0.335380 -0.000456
  1921 -0.033500 -0.103300 0.006200 -0.043853 -0.139470 -0.989255 0.960431 -0.278498 -0.003314 -0.275043 -0.950257 0.146164 0.995367
  1922 -0.033500 -0.103300 0.006200 0.960431 -0.278497 -0.003307 0.043846 0.139472 0.989255 -0.275043 -0.950257 0.146164 0.006288
  1923 -0.033500 -0.103300 0.006200 -0.043846 -0.139472 -0.989255 0.960431 -0.278497 -0.003307 -0.275043 -0.950257 0.146164 -0.000840
  1931 -0.033100 -0.105100 -0.027800 0.006379 0.017796 -0.999821 0.953626 -0.300994 0.000723 -0.300928 -0.953460 -0.018890 1.000775
  1932 -0.033100 -0.105100 -0.027800 0.006422 0.017782 -0.999821 0.953625 -0.300995 0.000768 -0.300928 -0.953460 -0.018890 0.003455
  1933 -0.033100 -0.105100 -0.027800 0.953625 -0.300995 0.000768 -0.006422 -0.017782 0.999821 -0.300928 -0.953460 -0.018890 -0.003610
  1941 -0.063600 -0.088400 0.006000 -0.064451 -0.086424 -0.994172 0.806141 -0.591722 -0.000777 -0.588206 -0.801493 0.107807 1.000190
  1942 -0.063600 -0.088400 0.006000 0.806144 -0.591719 -0.000743 0.064423 0.086444 0.994172 -0.588206 -0.801493 0.107807 0.000500
  1943 -0.063600 -0.088400 0.006000 -0.064423 -0.086444 -0.994172 0.806144 -0.591719 -0.000743 -0.588206 -0.801493 0.107807 0.000136
  2011 -0.018600 -0.080100 0.069000 -0.001027 -0.620583 -0.784140 0.993433 -0.090356 0.070194 -0.114413 -0.778919 0.616599 0.998779
  2012 -0.018600 -0.080100 0.069000 0.993433 -0.090365 0.070182 0.001043 0.620581 0.784142 -0.114413 -0.778919 0.616599 0.006444
  2013 -0.018600 -0.080100 0.069000 -0.001043 -0.620581 -0.784142 0.993433 -0.090365 0.070182 -0.114413 -0.778919 0.616599 -0.000404
  2021 0.018600 -0.080200 0.068900 -0.000134 -0.617808 -0.786329 0.985426 0.133695 -0.105177 0.170108 -0.774883 0.608786 0.991642
  2022 0.018600 -0.080200 0.068900 0.985426 0.133610 -0.105284 0.000268 0.617826 0.786315 0.170108 -0.774883 0.608786 -0.010639
  2023 0.018600 -0.080200 0.068900 -0.000268 -0.617826 -0.786315 0.985426 0.133610 -0.105284 0.170108 -0.774883 0.608786 0.000365
  2031 0.016900 -0.097200 0.039700 -0.001041 -0.368219 -0.929739 0.989600 0.133357 -0.053918 0.143841 -0.920126 0.364251 1.005811
  2032 0.016900 -0.097200 0.039700 -0.001024 -0.368217 -0.929740 0.989600 0.133364 -0.053902 0.143841 -0.920126 0.364251 -0.001740
  2033 0.016900 -0.097200 0.039700 0.989600 0.133364 -0.053902 0.001024 0.368217 0.929740 0.143841 -0.920126 0.364251 0.002871
  2041 -0.017000 -0.097200 0.039700 0.000273 -0.368300 -0.929707 0.991009 -0.124272 0.049578 -0.133797 -0.921361 0.364955 0.997746
  2042 -0.017000 -0.097200 0.039700 0.000322 -0.368306 -0.929705 0.991009 -0.124254 0.049624 -0.133797 -0.921361 0.364955 0.001740
  2043 -0.017000 -0.097200 0.039700 0.991009 -0.124254 0.049624 -0.000322 0.368306 0.929705 -0.133797 -0.921361 0.364955 -0.004657
  2111 0.000000 -0.108600 0.007000 -0.000208 -0.163980 -0.986464 0.999760 0.021564 -0.003809 0.021896 -0.986228 0.163937 0.996360
  2112 0.000000 -0.108600 0.007000 0.999760 0.021566 -0.003796 0.000196 0.163980 0.986464 0.021896 -0.986228 0.163937 -0.006241
  2113 0.000000 -0.108600 0.007000 -0.000196 -0.163980 -0.986464 0.999760 0.021566 -0.003796 0.021896 -0.986228 0.163937 -0.001284
  2121 0.000000 -0.110600 -0.027500 -0.000001 0.038110 -0.999274 0.999974 0.007172 0.000289 0.007178 -0.999248 -0.038109 0.995392
  2122 0.000000 -0.110600 -0.027500 0.000009 0.038110 -0.999274 0.999974 0.007172 0.000299 0.007178 -0.999248 -0.038109 0.000521
  2123 0.000000 -0.110600 -0.027500 0.999974 0.007172 0.000299 -0.000009 -0.038110 0.999274 0.007178 -0.999248 -0.038109 0.001270
  2131 0.017000 -0.109800 -0.061800 0.011533 -0.025171 -0.999617 0.986213 0.165321 0.007279 0.165074 -0.985919 0.026731 0.997058
  2132 0.017000 -0.109800 -0.061800 0.986212 0.165323 0.007383 -0.011635 0.025154 0.999616 0.165074 -0.985919 0.026731 -0.011535
  2133 0.017000 -0.109800 -0.061800 0.011635 -0.025154 -0.999616 0.986212 0.165323 0.007383 0.165074 -0.985919 0.026731 -0.004622
  2141 -0.017100 -0.109800 -0.061900 -0.008347 -0.023381 -0.999692 0.983283 -0.182040 -0.003916 -0.181892 -0.983013 0.024509 0.996886
  2142 -0.017100 -0.109800 -0.061900 0.983284 -0.182038 -0.003857 0.008289 0.023391 0.999692 -0.181892 -0.983013 0.024509 0.007273
  2143 -0.017100 -0.109800 -0.061900 -0.008289 -0.023391 -0.999692 0.983284 -0.182038 -0.003857 -0.181892 -0.983013 0.024509 -0.005333
  2211 0.051700 -0.027600 0.092800 0.857752 0.028215 -0.513289 0.106948 0.966850 0.231868 0.502816 -0.253781 0.826300 0.997740
  2212 0.051700 -0.027600 0.092800 0.857743 0.028142 -0.513307 0.107013 0.966852 0.231829 0.502816 -0.253781 0.826300 0.000239
  2213 0.051700 -0.027600 0.092800 0.107013 0.966852 0.231829 -0.857743 -0.028142 0.513307 0.502816 -0.253781 0.826300 0.000366
  2221 0.078600 -0.028400 0.069800 0.623528 -0.040957 -0.780727 0.224052 0.966093 0.128313 0.749000 -0.254930 0.611563 1.002006
  2222 0.078600 -0.028400 0.069800 0.224291 0.966078 0.128014 -0.623442 0.041327 0.780776 0.749000 -0.254930 0.611563 -0.006614
  2223 0.078600 -0.028400 0.069800 0.623442 -0.041327 -0.780776 0.224291 0.966078 0.128014 0.749000 -0.254930 0.611563 0.000317
  2231 0.055300 -0.062800 0.070600 0.373151 -0.487902 -0.789120 0.760852 0.647649 -0.040692 0.530927 -0.585218 0.612892 1.003920
  2232 0.055300 -0.062800 0.070600 0.760953 0.647516 -0.040907 -0.372943 0.488078 0.789109 0.530927 -0.585218 0.612892 -0.001101
  2233 0.055300 -0.062800 0.070600 0.372943 -0.488078 -0.789109 0.760953 0.647516 -0.040907 0.530927 -0.585218 0.612892 0.001242
  2241 0.018200 -0.054200 0.092200 -0.068909 -0.845260 -0.529894 0.988453 0.013988 -0.150884 0.134949 -0.534173 0.834534 0.993428
  2242 0.018200 -0.054200 0.092200 -0.068925 -0.845260 -0.529892 0.988451 0.013975 -0.150893 0.134949 -0.534173 0.834534 -0.000575
  2243 0.018200 -0.054200 0.092200 0.988451 0.013975 -0.150893 0.068925 0.845260 0.529892 0.134949 -0.534173 0.834534 -0.002704
  2311 0.051300 -0.086100 0.039700 0.147588 -0.292531 -0.944798 0.878354 0.477889 -0.010788 0.454664 -0.828275 0.327476 1.009378
  2312 0.051300 -0.086100 0.039700 0.147696 -0.292473 -0.944799 0.878336 0.477925 -0.010672 0.454665 -0.828275 0.327476 0.002864
  2313 0.051300 -0.086100 0.039700 0.878336 0.477925 -0.010672 -0.147696 0.292473 0.944799 0.454665 -0.828275 0.327476 0.001364
  2321 0.063700 -0.088400 0.006200 0.059058 -0.074808 -0.995448 0.801575 0.597889 0.002677 0.594966 -0.798084 0.095273 0.999656
  2322 0.063700 -0.088400 0.006200 0.801576 0.597887 0.002654 -0.059039 0.074822 0.995448 0.594966 -0.798084 0.095273 -0.002513
  2323 0.063700 -0.088400 0.006200 0.059039 -0.074822 -0.995448 0.801576 0.597887 0.002654 0.594966 -0.798084 0.095273 -0.004091
  2331 0.033000 -0.105100 -0.027700 -0.003459 0.019031 -0.999813 0.949447 0.313916 0.002677 0.313908 -0.949260 -0.019155 1.005810
  2332 0.033000 -0.105100 -0.027700 -0.003499 0.019018 -0.999813 0.949447 0.313917 0.002635 0.313908 -0.949260 -0.019155 0.001848
  2333 0.033000 -0.105100 -0.027700 0.949447 0.313917 0.002635 0.003499 -0.019018 0.999813 0.313908 -0.949260 -0.019155 0.003455
  2341 0.033300 -0.103400 0.006300 0.041001 -0.121767 -0.991712 0.948004 0.318259 0.000120 0.315607 -0.940151 0.128484 0.997396
  2342 0.033300 -0.103400 0.006300 0.948004 0.318258 0.000105 -0.040987 0.121772 0.991712 0.315607 -0.940151 0.128484 -0.005734
  2343 0.033300 -0.103400 0.006300 0.040987 -0.121772 -0.991712 0.948004 0.318258 0.000105 0.315607 -0.940151 0.128484 -0.003938
  2411 0.095200 -0.030600 0.039200 0.317863 -0.061209 -0.946159 0.308632 0.950243 0.042230 0.896496 -0.305439 0.320938 1.003679
  2412 0.095200 -0.030600 0.039200 0.317776 -0.061476 -0.946171 0.308722 0.950226 0.041963 0.896497 -0.305439 0.320938 -0.000800
  2413 0.095200 -0.030600 0.039200 0.308722 0.950226 0.041963 -0.317776 0.061476 0.946171 0.896497 -0.305439 0.320938 0.000680
  2421 0.101700 -0.033800 0.005800 0.063194 -0.027244 -0.997629 0.311068 0.950367 -0.006221 0.948284 -0.309938 0.068532 1.002968
  2422 0.101700 -0.033800 0.005800 0.311074 0.950365 -0.006316 -0.063164 0.027335 0.997629 0.948284 -0.309938 0.068532 -0.004744
  2423 0.101700 -0.033800 0.005800 0.063164 -0.027335 -0.997629 0.311074 0.950365 -0.006316 0.948284 -0.309938 0.068532 0.002881
  2431 0.086600 -0.063900 0.005600 0.061992 -0.046027 -0.997015 0.551647 0.834068 -0.004170 0.831770 -0.549741 0.077097 1.002157
  2432 0.086600 -0.063900 0.005600 0.551647 0.834067 -0.004187 -0.061983 0.046041 0.997015 0.831770 -0.549741 0.077097 -0.005178
  2433 0.086600 -0.063900 0.005600 0.061983 -0.046041 -0.997015 0.551647 0.834067 -0.004187 0.831770 -0.549741 0.077097 -0.004362
  2441 0.078100 -0.062900 0.039400 0.254762 -0.200000 -0.946095 0.597915 0.801516 -0.008361 0.759983 -0.563555 0.323779 1.004575
  2442 0.078100 -0.062900 0.039400 0.254770 -0.199988 -0.946096 0.597911 0.801519 -0.008347 0.759983 -0.563555 0.323779 -0.000864
  2443 0.078100 -0.062900 0.039400 0.597911 0.801519 -0.008347 -0.254770 0.199988 0.946096 0.759983 -0.563555 0.323779 -0.000380
  2511 0.063000 -0.090600 -0.027600 -0.018001 0.031315 -0.999347 0.802783 0.596256 0.004173 0.595997 -0.802185 -0.035873 0.998915
  2512 0.063000 -0.090600 -0.027600 -0.018065 0.031267 -0.999348 0.802782 0.596259 0.004094 0.595998 -0.802185 -0.035873 0.003044
  2513 0.063000 -0.090600 -0.027600 0.802782 0.596259 0.004094 0.018065 -0.031267 0.999348 0.595998 -0.802185 -0.035873 0.002172
  2521 0.086100 -0.066100 -0.028000 -0.018096 0.009521 -0.999791 0.563219 0.826304 -0.002357 0.826109 -0.563144 -0.020315 1.001889
  2522 0.086100 -0.066100 -0.028000 -0.018109 0.009502 -0.999791 0.563219 0.826304 -0.002379 0.826109 -0.563144 -0.020315 -0.003413
  2523 0.086100 -0.066100 -0.028000 0.563219 0.826304 -0.002379 0.018109 -0.009502 0.999791 0.826109 -0.563144 -0.020315 0.002232
  2531 0.075700 -0.079800 -0.062000 0.020365 -0.006573 -0.999771 0.694954 0.718992 0.009501 0.718765 -0.694988 0.019211 0.995038
  2532 0.075700 -0.079800 -0.062000 0.694956 0.718991 0.009387 -0.020286 0.006655 0.999772 0.718765 -0.694988 0.019211 -0.001962
  2533 0.075700 -0.079800 -0.062000 0.020286 -0.006655 -0.999772 0.694956 0.718991 0.009387 0.718765 -0.694988 0.019211 -0.001909
  2541 0.048800 -0.099400 -0.062100 0.016976 -0.019525 -0.999665 0.902941 0.429708 0.007015 0.429428 -0.902757 0.024925 0.998012
  2542 0.048800 -0.099400 -0.062100 0.902941 0.429708 0.006999 -0.016962 0.019532 0.999665 0.429428 -0.902757 0.024925 -0.005115
  2543 0.048800 -0.099400 -0.062100 0.016962 -0.019532 -0.999665 0.902941 0.429708 0.006999 0.429428 -0.902757 0.024925 -0.004060
  2611 0.108700 -0.003300 -0.028000 -0.013040 0.003205 -0.999910 0.070242 0.997527 0.002253 0.997445 -0.070207 -0.013233 0.998696
  2612 0.108700 -0.003300 -0.028000 -0.013066 0.002836 -0.999911 0.070237 0.997529 0.001883 0.997445 -0.070207 -0.013233 -0.005848
  2613 0.108700 -0.003300 -0.028000 0.070237 0.997529 0.001883 0.013066 -0.002836 0.999911 0.997445 -0.070207 -0.013233 0.001287
  2621 0.106800 -0.020600 -0.062100 0.021886 0.002741 -0.999757 0.216630 0.976226 0.007399 0.976009 -0.216739 0.020772 0.998415
  2622 0.106800 -0.020600 -0.062100 0.216634 0.976226 0.007216 -0.021846 -0.002562 0.999758 0.976009 -0.216739 0.020772 -0.003550
  2623 0.106800 -0.020600 -0.062100 0.021846 0.002562 -0.999758 0.216634 0.976226 0.007216 0.976009 -0.216739 0.020772 0.000294
  2631 0.095100 -0.052400 -0.062000 0.027270 -0.003190 -0.999623 0.478785 0.877873 0.010214 0.877509 -0.478883 0.025467 0.999271
  2632 0.095100 -0.052400 -0.062000 0.478787 0.877872 0.010147 -0.027238 0.003249 0.999624 0.877509 -0.478883 0.025467 -0.004589
  2633 0.095100 -0.052400 -0.062000 0.027238 -0.003249 -0.999624 0.478787 0.877872 0.010147 0.877509 -0.478883 0.025467 -0.001138
  2641 0.101700 -0.036100 -0.027800 -0.020807 0.002989 -0.999779 0.331534 0.943434 -0.004100 0.943214 -0.331545 -0.020622 1.001711
  2642 0.101700 -0.036100 -0.027800 -0.020855 0.002853 -0.999778 0.331531 0.943435 -0.004244 0.943214 -0.331545 -0.020622 -0.004992
  2643 0.101700 -0.036100 -0.027800 0.331531 0.943435 -0.004244 0.020855 -0.002853 0.999778 0.943214 -0.331545 -0.020622 0.001923
